Capital City Criterium in Lincoln NE Results

05/19/2012 Criterium Men Masters 40+/50+/60+
Place,License #,First,Last,City,State,Time,Team
1,245870,Kevin,Limpach,Omaha,NE,34:54.4,Team Kaos Cycling
2,102327,Gregory,Shimonek,Papillion,NE,34:54.7,Midwest Cycling Community NE
3,98661,Jordan,Brasch,Lincoln,NE,34:54.8,Team Mack Racing Assoc. LTD
4,23359,Cody,McCullough,Jefferson,SD,34:56.3,SC Velo
5,297434,Brady,Murphy,Omaha,NE,35:26.5,Midwest Cycling Community NE
6,258986,william,feiges,Sioux City,IA,35:44.7,POWERADE - INDEPENDENT FABRICATION/SC Velo
7,0,Kevin,Burke,,,35:45.0,Midwest Cycling Community NE
8,61372,Robert,Greigg,Sioux City,IA,35:45.2,POWERADE - INDEPENDENT FABRICATION/SC Velo
9,263629,Kevin,Murray,Lincoln,NE,35:45.7,Elkhorn Valley Cycling powrd by  Monster/Elkhorn Valley Cycling Club
10,221142,Richard,Pearson,Fremont,NE,35:47.0,Team Kaos-Alegent Health/Team Kaos Cycling
11,0,Eric,O'Brien,,,35:47.5,Midwest Cycling Community NE
12,170992,Joseph,Savoie,Omaha,NE,36:01.3,Elkhorn Valley Bicycle Club/Elkhorn Valley Cycling Club
13,38648,James,Winklepleck,Lincoln,NE,1 Lap,
14,101259,Scott,Bulfinch,Lincoln,NE,1 Lap,Team Kaos-Alegent Health/Team Kaos Cycling
15,61714,Jason,Johanning,Omaha,NE,1 Lap,Team Kaos-Alegent Health/Team Kaos Cycling
DNF,59833,Marc,Walter,Lincoln,NE,DNF,

05/19/2012 Criterium Men Cat 5
Place,License #,First,Last,City,State,Time,Team
1,347328,John,Frey,Lincoln,NE,29:42.2,
2,367204,Graham,Williams,Lincoln,NE,29:42.3,Team Kaos Cycling
3,369442,Andrew,Casburn,Lincoln,NE,29:42.4,UNL Cycling/University of Nebraska-Lincoln
4,0,Brian,Johnson,,,29:42.6,
5,351276,Tony,Kavan,Juniata,NE,29:44.1,
6,329584,Rob,Livermore,Lincoln,NE,29:44.6,
7,318026,Colby,Turpin,Norfolk,NE,29:45.0,Elkhorn Valley Cycling Club
8,332930,Jason,Engle,Sioux Falls,SD,29:47.7,CORE Orthopedics Avera Medical Group/Central Plains Cycling
9,356688,Raymond,Farrens,Gardner,KS,29:53.4,MAPL-Elite Cycling
10,204523,Robert,Taylor,Monument ,CO,32:12.1,
11,72573,Federico,Torres,Lincoln,NE,2 Laps,
12,378492,Larry,Lekai,Omaha,NE,2 Laps,
13,113262,Harry,Fortney,Kelley,IA,2 Laps,Des Moines Cycle Club
14,216086,Allan,Hull,Papillion,NE,3 Laps,

05/19/2012 Criterium Men Cat 4
Place,License #,First,Last,City,State,Time,Team
1,277074,Gage,Hecht,Parker,CO,45:06.0,International Christian Cycling Club
2,241381,Dana,Stefanidis,Lincoln,NE,45:06.8,Lincoln Industries Cycling/Flatwater Cycling
3,367204,Graham,Williams,Lincoln,NE,45:08.5,Team Kaos Cycling
4,245814,Jeremy,Cook,Omaha,NE,45:08.7,Midwest Cycling Community NE
5,307425,Cole,Skiba,Richland,WA,45:10.5,Midwest Cycling Community NE
6,297063,Noah,Marcus,Des Moines,IA,45:10.7,Greenstreet Velo Club
7,305778,Caleb,Vukovich,West Des Moines ,IA,45:10.8,CORE Orthopedics Avera Medical Group/Central Plains Cycling
8,336730,Caleb,Uerling,Lincoln,NE,45:10.9,Team Kaos Cycling
9,0,Daniel,Davis,,,45:11.1,Zealous Racing/Team Emu
10,221142,Richard,Pearson,Fremont,NE,45:11.2,Team Kaos-Alegent Health/Team Kaos Cycling
11,0,Daniel,Thompson,,,45:11.2,
12,263629,Kevin,Murray,Lincoln,NE,45:11.6,Elkhorn Valley Cycling powrd by  Monster/Elkhorn Valley Cycling Club
13,219702,Rich,Anderson,Bellevue,NE,45:11.9,Team Type 1 Nebraska/Elkhorn Valley Cycling Club
14,0,John,Frey,,,45:12.1,
15,321400,Leah,Kleager,Omaha,NE,45:12.3,Midwest Cycling Community NE
16,0,Michael,Dixon,,,45:12.3,Joyride Bicycle
17,312466,Nicholas,Ware,Lincoln,NE,45:37.5,Lincoln Industries Cycling/Flatwater Cycling
18,227206,Dustin,Bakker,Brandon,SD,4 Laps,Central Plains Cycling
19,329586,Randy,Kinney,Lincoln,NE,10 Laps,
20,356644,Brad,Beck,Bountiful,UT,10 Laps,Bountiful Mazda Cycling Team
21,243899,Jason,Brummels,Lincoln,NE,10 Laps,
22,61714,Jason,Johanning,Omaha,NE,10 Laps,Team Kaos-Alegent Health/Team Kaos Cycling
23,345242,Daniel,Zieg,Lincoln,NE,10 Laps,Elkhorn Valley Cycling powrd by  Monster/Elkhorn Valley Cycling Club
24,243848,William,Prann,Carmel,IN,16 Laps,Midwest Cycling Community NE
25,53574,Bruce,Hecht,Parker,CO,17 Laps,IC3Colorado/International Christian Cycling Club
26,297360,Rick,Willmott,Lincoln,NE,18 Laps,`
DNS,293345,Steven,Mongeon,Lincoln,NE,DNS,Lincoln Industries Cycling/Flatwater Cycling
DNS,321678,Malcolm,Tassi,Denver,CO,DNS,
DNF,319340,Greg,Hagele,Lincoln,NE,DNF,Team Mack Racing Assn/Team Mack Racing Assoc. LTD

05/19/2012 Criterium Women Cat 1/2/3/4/5
Place,License #,First,Last,City,State,Time,Team
1,321400,Leah,Kleager,Omaha,NE,21:59.4,Midwest Cycling Community NE
2,346358,Rachel,Plessing,Lakewood,CO,23:02.6,UNL Cycling
3,358405,Carly,Thomsen,Omaha,NE,1 Lap,Lerner Company/Greenstreet Velo Club
